─────────────────────────────────────────────────────────────────────────────────────────────────────────────
Language                              Files     Lines   Blanks  Comments     Code Complexity Complexity/Lines
─────────────────────────────────────────────────────────────────────────────────────────────────────────────
JavaScript                               22      2510      161        10     2339        295           211.43
─────────────────────────────────────────────────────────────────────────────────────────────────────────────
bindings/libssl/libssl.js                         476        4         0      472          0             0.00
lib/ffi.js                                        407       35         0      372         94            25.27
lib/gen.js                                        338       31         4      303         68            22.44
lib/packet.js                                     215       16         1      198         18             9.09
main.js                                           174       13         0      161         29            18.01
bindings/system/system.js                         129        2         0      127          0             0.00
lib/path.js                                       122        9         1      112         39            34.82
bindings/sqlite/sqlite.js                         116        2         0      114          0             0.00
bindings/net/net.js                                79        2         0       77          0             0.00
lib/bench.js                                       66       10         0       56         14            25.00
bindings/tcc/tcc.js                                64        4         0       60          2             3.33
lib/stringify.js                                   60        5         3       52         17            32.69
lib/binary.js                                      40        3         0       37         12            32.43
bindings/fs/fs.js                                  33        2         0       31          0             0.00
strings.js                                         32        7         1       24          2             8.33
bindings/epoll/epoll.js                            29        2         0       27          0             0.00
util/dump.js                                       27        3         0       24          0             0.00
bindings/bestline/bestline.js                      26        2         0       24          0             0.00
bindings/load/load.js                              25        3         0       22          0             0.00
bindings/ffi/ffi.js                                20        2         0       18          0             0.00
bindings/lz4/lz4.js                                19        2         0       17          0             0.00
lib/ansi.js                                        13        2         0       11          0             0.00
─────────────────────────────────────────────────────────────────────────────────────────────────────────────
C++                                       3      1018       63        35      920        117            27.40
─────────────────────────────────────────────────────────────────────────────────────────────────────────────
spin.cc                                           948       59         7      882        112            12.70
main.cc                                            65        3        28       34          5            14.71
tmp/test.cc                                         5        1         0        4          0             0.00
─────────────────────────────────────────────────────────────────────────────────────────────────────────────
C Header                                  2       282       31        31      220          0             0.00
─────────────────────────────────────────────────────────────────────────────────────────────────────────────
tmp/spin.h                                        142       15        16      111          0             0.00
spin.h                                            140       16        15      109          0             0.00
─────────────────────────────────────────────────────────────────────────────────────────────────────────────
Total                                    27      3810      255        76     3479        412           238.83
─────────────────────────────────────────────────────────────────────────────────────────────────────────────
Estimated Cost to Develop (organic) $100,028
Estimated Schedule Effort (organic) 5.73 months
Estimated People Required (organic) 1.55
Processed 118417 bytes, 0.118 megabytes (SI)
─────────────────────────────────────────────────────────────────────────────────────────────────────────────

